%YAML:1.0
colors:
   -
      mins:
         h: 78
         s: 8
         v: 89
      maxs:
         h: 102
         s: 128
         v: 207
   -
      mins:
         h: 31
         s: 37
         v: 26
      maxs:
         h: 67
         s: 133
         v: 168
   -
      mins:
         h: 0
         s: 175
         v: 126
      maxs:
         h: 14
         s: 233
         v: 255
   -
      mins:
         h: 175
         s: 175
         v: 126
      maxs:
         h: 179
         s: 233
         v: 255
   -
      mins:
         h: 15
         s: 109
         v: 40
      maxs:
         h: 31
         s: 199
         v: 156
