%YAML:1.0
colors:
   -
      color: BLUE
      mins:
         h: 99
         s: 0
         v: 119
      maxs:
         h: 127
         s: 255
         v: 255
   -
      color: GREEN
      mins:
         h: 55
         s: 3
         v: 0
      maxs:
         h: 75
         s: 255
         v: 255
   -
      color: ORANGE
      mins:
         h: 0
         s: 110
         v: 72
      maxs:
         h: 19
         s: 255
         v: 255
   -
      color: ORANGE
      mins:
         h: 174
         s: 110
         v: 72
      maxs:
         h: 179
         s: 255
         v: 255
   -
      color: PURPLE
      mins:
         h: 106
         s: 0
         v: 0
      maxs:
         h: 162
         s: 255
         v: 250
   -
      color: YELLOW
      mins:
         h: 25
         s: 77
         v: 97
      maxs:
         h: 29
         s: 255
         v: 255
